	task1	task2	task3	task4	task5
core1	1559	3125	2503	2545	3278	
core2	3484	3013	1208	2775	697	
core3	2350	2139	3246	3083	1382	
core4	3093	1338	1278	3197	1196	
core5	907	1812	1887	2636	1262	

	task1	task2	task3	task4	task5
core1	502	922	317	3071	1523	
core2	3008	1068	2548	3065	2178	
core3	1997	542	1228	2585	1485	
core4	2118	1409	3435	2207	3047	
core5	2591	2869	1887	961	940	

	task1	task2	task3	task4	task5
core1	3464	2408	1774	307	3100	
core2	667	516	3041	1888	628	
core3	3242	3298	3267	1167	791	
core4	2033	2509	973	2892	2960	
core5	1533	531	3351	2408	1278	

	task1	task2	task3	task4	task5
core1	1324	3037	1332	3405	997	
core2	1129	515	692	3451	2432	
core3	1029	1990	1007	3488	941	
core4	803	1787	2915	1319	2137	
core5	2053	2685	1530	1304	2332	

	task1	task2	task3	task4	task5
core1	2753	1848	420	1665	3010	
core2	3363	3170	2341	1933	2802	
core3	3232	510	1796	2840	1593	
core4	669	1695	2697	2201	1112	
core5	665	2049	1092	1387	3183	

	task1	task2	task3	task4	task5
core1	1641	336	939	2545	2295	
core2	3008	3255	3432	1208	1813	
core3	3241	1189	3233	3020	3276	
core4	877	3354	2340	2377	1525	
core5	683	1575	541	1300	1150	

	task1	task2	task3	task4	task5
core1	2717	2314	612	522	3423	
core2	2593	3360	586	1958	395	
core3	4002	1129	647	3335	2370	
core4	664	2757	1528	449	1104	
core5	2021	2535	1262	1121	2522	

	task1	task2	task3	task4	task5
core1	3446	818	2975	1121	2808	
core2	1987	3076	3061	2388	2097	
core3	2176	847	3005	2170	973	
core4	1901	853	3368	3077	2283	
core5	3011	1039	2794	522	483	

	task1	task2	task3	task4	task5
core1	2724	2884	2682	2328	816	
core2	1535	2100	385	3201	2090	
core3	2870	1453	1780	3143	821	
core4	2148	498	1656	1903	2780	
core5	2851	307	2692	1187	1526	

	task1	task2	task3	task4	task5
core1	1422	3156	1898	3492	2070	
core2	1375	2729	1949	2617	542	
core3	1567	3202	1316	854	2186	
core4	774	568	1996	2068	1229	
core5	2924	2690	3371	2437	931	

	task1	task2	task3	task4	task5
core1	2476	2507	776	625	2717	
core2	2239	524	2814	557	1412	
core3	913	1686	709	765	441	
core4	3042	3491	1484	1661	842	
core5	1984	816	382	1485	2164	

	task1	task2	task3	task4	task5
core1	1469	2446	594	2322	3410	
core2	1282	766	1890	1541	2187	
core3	1843	427	2748	1782	3335	
core4	3224	1883	2456	2762	1007	
core5	2246	1051	3377	1558	1002	

	task1	task2	task3	task4	task5
core1	1933	1276	2674	2310	1829	
core2	1281	1221	2125	1633	2838	
core3	2928	1151	852	2944	718	
core4	896	347	437	2067	2173	
core5	1683	2917	3029	856	2810	

	task1	task2	task3	task4	task5
core1	1620	668	2474	2272	622	
core2	444	847	2933	1247	968	
core3	2724	471	2218	4019	2999	
core4	1948	1795	3016	923	949	
core5	741	2284	2640	3414	2484	

	task1	task2	task3	task4	task5
core1	2457	696	2266	2023	1528	
core2	2156	459	858	2548	3417	
core3	562	764	1047	1655	1204	
core4	2672	482	673	3258	2646	
core5	3243	1811	2504	2256	3237	

	task1	task2	task3	task4	task5
core1	615	1723	2066	3443	2490	
core2	1638	329	494	530	1020	
core3	958	453	1818	3408	1654	
core4	1730	2421	654	2310	3235	
core5	509	1471	3094	1704	1433	

	task1	task2	task3	task4	task5
core1	2841	459	2184	2324	1081	
core2	1737	485	2092	439	1236	
core3	1823	2507	2942	2364	1777	
core4	1627	2649	1562	1766	3293	
core5	2172	535	2053	747	3470	

	task1	task2	task3	task4	task5
core1	2378	1464	999	3379	1661	
core2	3281	2034	3321	508	1316	
core3	303	2513	2282	3369	827	
core4	950	2905	2056	1223	522	
core5	3131	1491	1562	705	2564	

	task1	task2	task3	task4	task5
core1	3290	1698	2277	1597	3447	
core2	2015	827	917	2875	3066	
core3	1413	2444	2933	2550	542	
core4	2326	2961	872	1012	1908	
core5	1211	852	3279	2702	1031	

	task1	task2	task3	task4	task5
core1	2171	2855	552	706	2499	
core2	663	3371	514	1149	752	
core3	3134	3451	1230	467	763	
core4	3234	686	740	543	1788	
core5	3423	739	2650	351	4609	

	task1	task2	task3	task4	task5
core1	826	2190	348	636	3181	
core2	2823	1092	1643	3183	320	
core3	2066	2450	2191	3472	1491	
core4	3205	1373	3219	2056	2592	
core5	2907	1295	1981	3207	1896	

	task1	task2	task3	task4	task5
core1	1255	1998	2018	1805	1703	
core2	1673	3149	1356	1832	3156	
core3	779	1056	2319	2815	1051	
core4	1327	429	2161	1721	738	
core5	3074	1568	3416	1932	2067	

	task1	task2	task3	task4	task5
core1	1987	1303	2887	2561	1497	
core2	861	357	2586	1469	908	
core3	2595	1660	3035	3117	1178	
core4	650	2036	488	787	1316	
core5	1351	3357	1359	1365	916	

	task1	task2	task3	task4	task5
core1	3171	1722	782	1481	2083	
core2	1127	2638	1915	1827	2499	
core3	2847	1657	1042	2098	1806	
core4	1988	1288	3343	1160	3407	
core5	1033	1068	1380	2564	537	

	task1	task2	task3	task4	task5
core1	2946	404	2461	908	1860	
core2	2328	2997	1362	399	3132	
core3	3472	1884	2221	3342	975	
core4	3311	386	1588	3493	3468	
core5	1546	345	1155	2154	2627	

	task1	task2	task3	task4	task5
core1	2474	2828	2425	1386	1697	
core2	1115	583	394	1839	2165	
core3	1451	2886	1730	1117	1906	
core4	687	3463	665	3048	675	
core5	1650	918	715	3282	565	

	task1	task2	task3	task4	task5
core1	2545	1432	2308	2306	1611	
core2	399	304	2507	2717	554	
core3	1410	1736	3329	3312	2842	
core4	646	389	2406	3186	1885	
core5	2857	1684	1284	1026	1504	

	task1	task2	task3	task4	task5
core1	969	1965	487	1837	1925	
core2	3088	474	2424	428	846	
core3	1928	1463	3110	2282	2842	
core4	3031	1846	3113	1357	1963	
core5	3111	2702	730	3103	2777	

	task1	task2	task3	task4	task5
core1	2240	2625	1298	1327	429	
core2	3401	2140	3478	2589	1987	
core3	2173	374	2683	3159	516	
core4	1652	819	3401	1202	2054	
core5	2355	3150	537	2791	2262	

	task1	task2	task3	task4	task5
core1	1925	374	1678	3210	1178	
core2	3443	983	963	3041	2652	
core3	3040	2217	359	1723	948	
core4	2039	2332	1104	340	700	
core5	3274	2998	1022	2952	2973	

	task1	task2	task3	task4	task5
core1	2710	3271	2335	1281	2395	
core2	3048	2584	322	1122	1051	
core3	2604	493	410	2328	3151	
core4	1332	2513	2073	2146	2137	
core5	2974	1923	2951	2188	433	

	task1	task2	task3	task4	task5
core1	1540	2736	1460	1674	2975	
core2	522	1228	1756	2090	451	
core3	1114	3231	302	2051	475	
core4	1190	2914	1186	2530	1623	
core5	1086	2209	1120	385	751	

	task1	task2	task3	task4	task5
core1	1291	1997	2687	3033	401	
core2	2034	2066	3148	1148	3066	
core3	1791	1123	1863	1488	2758	
core4	2068	1993	1438	2856	1217	
core5	1445	2257	1667	3419	418	

	task1	task2	task3	task4	task5
core1	2051	2575	2275	646	432	
core2	401	710	2127	1456	3481	
core3	850	2169	1426	518	1947	
core4	1301	3161	3284	2082	660	
core5	2750	1041	1366	1898	2161	

	task1	task2	task3	task4	task5
core1	2631	1743	384	1078	3025	
core2	980	3293	1399	2600	3252	
core3	2115	3487	2690	2835	1724	
core4	2834	1852	1366	2019	3206	
core5	2609	427	1269	2757	2718	

	task1	task2	task3	task4	task5
core1	1505	3113	1545	1099	3043	
core2	1670	2062	2282	1869	815	
core3	1896	1054	3076	680	659	
core4	355	1977	2294	1449	3437	
core5	1323	1855	2529	3138	322	

	task1	task2	task3	task4	task5
core1	3262	1638	1695	352	2161	
core2	1669	2119	3162	854	1157	
core3	2967	1795	803	2635	1661	
core4	1653	2452	3351	1613	820	
core5	2187	1506	2253	3456	3127	

	task1	task2	task3	task4	task5
core1	1309	987	3035	1702	1058	
core2	2291	2254	1327	2284	1131	
core3	500	2948	1202	2519	1653	
core4	947	306	1238	1933	2695	
core5	768	2116	3449	892	1899	

	task1	task2	task3	task4	task5
core1	1416	1584	3106	336	2139	
core2	3025	882	1077	698	2938	
core3	448	529	409	1690	1022	
core4	522	1159	3324	2158	3015	
core5	782	2699	3088	830	1756	

	task1	task2	task3	task4	task5
core1	2447	348	2750	302	2588	
core2	318	440	1736	314	3054	
core3	355	3251	1126	891	2384	
core4	1963	2893	1682	3256	2321	
core5	3477	829	3013	2073	2983	

	task1	task2	task3	task4	task5
core1	3092	2067	2436	908	635	
core2	3459	3214	3146	3136	3053	
core3	582	2356	1763	2391	1468	
core4	3034	1402	3391	1002	1257	
core5	2927	1076	799	2099	1247	

	task1	task2	task3	task4	task5
core1	475	2794	3097	1665	2476	
core2	2681	576	2066	1846	1100	
core3	2057	1521	2449	360	1716	
core4	1116	1091	807	3267	1926	
core5	1636	857	1909	2978	944	

	task1	task2	task3	task4	task5
core1	1314	1827	2688	2115	2135	
core2	1110	1662	1179	1680	2141	
core3	2307	2116	2046	2025	2396	
core4	3284	2245	889	2981	737	
core5	2230	2890	1489	912	2342	

	task1	task2	task3	task4	task5
core1	1080	2109	3055	3253	2871	
core2	845	3402	1065	3431	1887	
core3	795	2367	1865	3199	1383	
core4	1266	1094	2749	778	2086	
core5	1833	2803	1468	2549	3118	

	task1	task2	task3	task4	task5
core1	704	530	451	1443	1442	
core2	3159	1555	2811	2724	1340	
core3	1016	3327	939	1235	2049	
core4	1203	797	3497	3367	2692	
core5	3248	907	928	1462	2542	

	task1	task2	task3	task4	task5
core1	795	2917	1724	2926	2166	
core2	743	620	886	860	2525	
core3	2092	998	3004	2159	2209	
core4	885	2589	2191	1823	580	
core5	2270	2081	1707	1417	1820	

	task1	task2	task3	task4	task5
core1	3131	3095	2076	2985	568	
core2	1737	3054	1431	1694	2249	
core3	1605	2406	1425	3074	794	
core4	1625	446	2910	1643	838	
core5	3428	1824	1357	652	1016	

	task1	task2	task3	task4	task5
core1	1397	1364	3045	2315	911	
core2	2037	1048	3428	895	1353	
core3	1592	2609	2961	1494	1090	
core4	2773	620	1565	1585	3429	
core5	860	880	688	1748	1176	

	task1	task2	task3	task4	task5
core1	1978	392	2688	628	2010	
core2	2264	858	2842	2655	1589	
core3	3040	2160	1677	639	358	
core4	3209	1358	3080	1976	598	
core5	488	2674	3175	532	3235	

	task1	task2	task3	task4	task5
core1	329	3187	3096	2809	567	
core2	1123	861	3205	2997	2639	
core3	2587	459	2784	923	395	
core4	1851	2910	1648	2402	2288	
core5	3364	1757	2579	1658	1198	

	task1	task2	task3	task4	task5
core1	2112	2019	817	2287	2046	
core2	708	2161	1181	1940	2472	
core3	1029	667	1990	1584	360	
core4	3483	1855	2573	2280	593	
core5	504	1886	1740	1524	3029	

	task1	task2	task3	task4	task5
core1	432	1777	2033	416	1659	
core2	938	2380	2476	1164	1159	
core3	1720	825	627	2912	1516	
core4	672	1732	2363	1095	851	
core5	796	2742	761	998	3452	

	task1	task2	task3	task4	task5
core1	2593	2619	1006	2786	1845	
core2	311	2026	1599	2736	844	
core3	2799	471	1800	1284	503	
core4	3111	2129	1661	2758	1291	
core5	1676	2253	1705	1758	3373	

	task1	task2	task3	task4	task5
core1	1635	2190	2304	3430	2626	
core2	3045	422	2782	1787	2699	
core3	1702	601	2370	804	999	
core4	1424	2102	2912	2040	1855	
core5	1826	2646	1724	2773	3206	

	task1	task2	task3	task4	task5
core1	2466	2552	2863	2648	2646	
core2	611	1974	1594	849	477	
core3	2022	687	2002	1416	1342	
core4	1005	3271	1335	2693	1841	
core5	3080	2930	1957	2294	2451	

	task1	task2	task3	task4	task5
core1	1236	2320	2201	2066	1315	
core2	2794	1099	1371	718	3093	
core3	2914	420	2039	673	2062	
core4	3324	2536	1032	2627	3358	
core5	3335	2926	1570	2619	879	

	task1	task2	task3	task4	task5
core1	3010	1302	2996	2134	2450	
core2	2708	1414	3173	2267	2383	
core3	2512	1455	704	3275	1936	
core4	2565	2635	2584	3087	1909	
core5	1821	1288	1716	1751	3432	

	task1	task2	task3	task4	task5
core1	2513	2611	3064	2581	522	
core2	1829	3363	796	1726	1430	
core3	2597	1277	619	1868	1610	
core4	2609	1287	3477	2890	2188	
core5	3041	2009	516	3174	1583	

	task1	task2	task3	task4	task5
core1	1405	2702	611	885	674	
core2	2399	2033	891	3184	1335	
core3	1870	1598	502	406	2415	
core4	1694	1082	3408	2610	627	
core5	3225	2064	2168	884	3236	

	task1	task2	task3	task4	task5
core1	1249	808	1097	1869	1149	
core2	3368	1570	809	833	2074	
core3	2831	2657	2806	1125	2310	
core4	1854	1744	1208	3365	306	
core5	2994	2738	1675	1421	2729	

	task1	task2	task3	task4	task5
core1	1491	879	2218	570	1489	
core2	2044	2952	2244	1425	2349	
core3	1945	3391	1168	2601	2665	
core4	1500	1180	686	1675	3425	
core5	831	1759	1801	2325	3009	

	task1	task2	task3	task4	task5
core1	1348	1419	2156	395	429	
core2	2643	1559	885	850	706	
core3	1756	1245	644	1698	2575	
core4	3144	1644	928	618	1801	
core5	1890	2672	528	3490	3421	

	task1	task2	task3	task4	task5
core1	3256	618	2976	2515	1006	
core2	1822	2930	1804	2909	801	
core3	573	1154	318	1456	2806	
core4	423	2746	464	1839	2613	
core5	3283	2841	713	2906	637	

	task1	task2	task3	task4	task5
core1	3402	2222	2103	2953	3479	
core2	2182	440	1238	451	3464	
core3	1895	2846	1600	3284	1458	
core4	2528	2429	2829	581	2967	
core5	1853	800	1030	648	2880	

	task1	task2	task3	task4	task5
core1	645	1604	1766	2498	2412	
core2	1508	436	2724	3378	3403	
core3	1971	1237	1152	1724	1782	
core4	1822	1356	1779	3217	3337	
core5	1575	3355	908	307	2931	

	task1	task2	task3	task4	task5
core1	3485	2272	1294	547	1030	
core2	3343	2419	3321	3083	1333	
core3	1753	1427	1583	3247	2022	
core4	2692	1746	2208	2246	1926	
core5	2739	1436	2251	869	2624	

	task1	task2	task3	task4	task5
core1	399	1610	1340	954	3273	
core2	2056	3073	3055	2100	1890	
core3	2384	1684	2738	1185	780	
core4	347	2226	955	2362	870	
core5	2154	3147	2409	3235	1793	

	task1	task2	task3	task4	task5
core1	2590	927	1099	1092	3324	
core2	2419	2736	532	2531	2625	
core3	2927	1070	400	3133	2146	
core4	2651	2373	1202	1706	3183	
core5	2484	1395	1230	1440	2547	

	task1	task2	task3	task4	task5
core1	1812	1645	1297	2616	503	
core2	2933	1551	1391	1523	2266	
core3	2039	1778	2789	1671	415	
core4	1320	1852	1640	2088	1123	
core5	2210	2302	2561	3248	2633	

	task1	task2	task3	task4	task5
core1	1466	2528	2918	2791	3173	
core2	2226	897	1460	2947	2877	
core3	531	2438	3132	2294	891	
core4	3305	338	2784	2489	938	
core5	2801	1777	825	1691	2630	

	task1	task2	task3	task4	task5
core1	1817	1991	988	1204	452	
core2	3084	2220	309	945	1233	
core3	2604	3359	1981	2039	3220	
core4	858	2916	429	2928	3004	
core5	2916	335	1646	1365	353	

	task1	task2	task3	task4	task5
core1	872	2022	1006	3211	1470	
core2	3032	2439	2898	3063	3274	
core3	2044	964	1419	2376	2646	
core4	2810	2087	3454	2740	1503	
core5	2881	580	3070	1294	770	

	task1	task2	task3	task4	task5
core1	2775	1946	1160	1871	2195	
core2	2220	515	2784	468	616	
core3	462	331	1516	1081	2193	
core4	2091	670	1772	1839	1513	
core5	486	3070	1013	2744	1696	

	task1	task2	task3	task4	task5
core1	2003	1881	2935	746	2334	
core2	1703	2385	911	2348	2080	
core3	3119	2948	2438	2055	740	
core4	874	2616	1930	2021	1668	
core5	2402	372	2677	3458	408	

	task1	task2	task3	task4	task5
core1	858	1735	883	2394	529	
core2	3251	2351	1430	3404	1680	
core3	3479	2204	1746	926	2343	
core4	2906	3208	1480	3109	1141	
core5	1859	3336	1095	2723	3352	

	task1	task2	task3	task4	task5
core1	3024	1120	1293	2544	3184	
core2	595	1947	2508	2577	1696	
core3	2568	2728	1122	2885	2437	
core4	3427	1716	1649	2956	2061	
core5	2852	1531	2130	2059	1990	

	task1	task2	task3	task4	task5
core1	2534	2180	2192	3492	1967	
core2	2571	2357	1594	2398	1178	
core3	3039	886	1741	2394	2089	
core4	1237	1616	1175	324	396	
core5	2017	1407	1549	1988	1164	

	task1	task2	task3	task4	task5
core1	1626	2369	1826	592	2678	
core2	1686	2538	758	1780	1577	
core3	981	3159	3460	483	2525	
core4	2429	556	2714	510	591	
core5	824	807	1851	1867	3431	

	task1	task2	task3	task4	task5
core1	744	1785	1517	3209	1943	
core2	3057	2547	3070	2786	994	
core3	1604	2251	958	1904	3480	
core4	1657	3375	2824	1820	1489	
core5	1154	466	1150	1627	2831	

	task1	task2	task3	task4	task5
core1	1733	2814	2102	1834	1283	
core2	2256	701	3347	746	3429	
core3	2806	1092	1519	2081	2264	
core4	1053	2628	3212	728	2908	
core5	3210	2919	1826	1127	532	

	task1	task2	task3	task4	task5
core1	3013	1327	936	3180	1174	
core2	1010	982	3334	1771	2054	
core3	3431	3166	1067	3127	2693	
core4	2886	637	890	1611	3185	
core5	2375	908	1849	397	2903	

	task1	task2	task3	task4	task5
core1	440	1462	2525	1334	1183	
core2	1138	1839	3403	2248	1753	
core3	1709	1192	2387	307	2486	
core4	2193	898	2102	3173	2981	
core5	2175	1566	1027	1611	2173	

	task1	task2	task3	task4	task5
core1	3347	1430	1364	3474	3387	
core2	2333	734	896	2341	3320	
core3	1245	395	457	1787	2889	
core4	2610	2623	3225	1647	2986	
core5	1451	1689	2033	2207	2114	

	task1	task2	task3	task4	task5
core1	2476	407	2723	2677	2488	
core2	2951	766	2678	3343	974	
core3	797	469	864	3113	2614	
core4	1276	3164	2834	2294	647	
core5	1717	1181	2200	955	2397	

	task1	task2	task3	task4	task5
core1	3283	1225	1718	1414	980	
core2	553	3249	781	3019	2947	
core3	1953	1022	2520	2527	1039	
core4	1416	3368	318	989	2065	
core5	2248	1598	1174	2767	556	

	task1	task2	task3	task4	task5
core1	1536	1764	1641	387	1380	
core2	2829	2206	2354	629	1992	
core3	972	2020	1462	1712	3442	
core4	1055	2971	2042	658	3361	
core5	2973	2149	3191	3422	1325	

	task1	task2	task3	task4	task5
core1	3454	1609	3423	3392	2666	
core2	2256	2576	1703	582	1275	
core3	2458	1359	1936	1193	1427	
core4	2171	1268	1240	1262	1234	
core5	1463	1394	728	3057	1583	

	task1	task2	task3	task4	task5
core1	855	2330	2245	1529	1998	
core2	2027	1601	2932	1363	1324	
core3	667	3177	1234	3329	2622	
core4	2500	2676	2070	890	1761	
core5	2580	3295	2435	1802	3110	

	task1	task2	task3	task4	task5
core1	3073	732	749	1304	3107	
core2	2172	2012	3125	585	837	
core3	2110	3051	2843	2753	2075	
core4	2066	2478	2795	950	2871	
core5	3419	360	1129	2850	1117	

	task1	task2	task3	task4	task5
core1	2397	903	2622	3246	2131	
core2	1126	3275	1233	3221	1659	
core3	2022	1602	896	1514	1860	
core4	339	2241	404	2438	3030	
core5	1712	2743	2793	1489	1007	

	task1	task2	task3	task4	task5
core1	1078	2841	2502	1724	1253	
core2	924	2528	1933	899	454	
core3	1750	2890	1203	372	508	
core4	2083	2359	2630	741	2377	
core5	1217	1244	534	2148	3284	

	task1	task2	task3	task4	task5
core1	1047	2397	2928	514	670	
core2	3436	976	2685	676	2264	
core3	2772	2834	2305	537	2751	
core4	1315	313	1632	898	3153	
core5	1128	2690	2499	3010	1836	

	task1	task2	task3	task4	task5
core1	747	711	1297	2950	665	
core2	3048	3257	1337	3254	1942	
core3	1152	865	1119	2087	459	
core4	2832	1990	1211	3089	1011	
core5	896	1557	2798	1542	3181	

	task1	task2	task3	task4	task5
core1	670	2108	2238	457	1127	
core2	3155	2107	3225	2071	504	
core3	1767	2721	453	694	1586	
core4	1516	1589	1924	1183	3222	
core5	2616	964	2895	2228	3275	

	task1	task2	task3	task4	task5
core1	1310	1366	3188	3421	325	
core2	2249	3176	2819	3041	3119	
core3	470	2069	2013	3138	1787	
core4	2692	3133	1961	780	2253	
core5	3149	1145	1290	900	1213	

	task1	task2	task3	task4	task5
core1	2101	2719	1840	1301	433	
core2	1740	1660	2698	1719	3152	
core3	1285	878	2909	1514	2356	
core4	3086	2996	537	2281	2614	
core5	2853	3453	2079	300	1993	

	task1	task2	task3	task4	task5
core1	1903	3270	1166	2011	2506	
core2	1851	1015	2011	2168	1400	
core3	1421	2445	2643	330	1154	
core4	2753	1553	2859	676	1399	
core5	2933	3418	2286	1932	2899	

	task1	task2	task3	task4	task5
core1	1886	1349	2226	2432	2741	
core2	1134	1902	463	3079	663	
core3	978	727	3230	773	625	
core4	1536	2292	411	819	941	
core5	1853	2330	2006	3356	682	

	task1	task2	task3	task4	task5
core1	1916	883	2975	1200	1191	
core2	1870	1141	1221	1892	3260	
core3	2246	1844	3085	2936	1029	
core4	2175	1139	3394	1096	1748	
core5	3355	2637	2565	1702	3128	

	task1	task2	task3	task4	task5
core1	364	1739	984	911	3077	
core2	641	470	927	1450	2558	
core3	2020	2901	1614	1354	1468	
core4	568	1467	1098	1955	1094	
core5	2048	2711	733	1166	2320	

	task1	task2	task3	task4	task5
core1	724	1424	1727	2891	346	
core2	849	982	1593	2130	1770	
core3	1120	519	2194	454	2101	
core4	2160	2524	2017	1177	968	
core5	2252	3135	2776	1626	2215	

	task1	task2	task3	task4	task5
core1	944	3352	518	2722	351	
core2	2786	3189	1977	2909	1905	
core3	2094	1391	1984	3431	3074	
core4	2513	2845	1076	3083	1937	
core5	1910	956	2484	968	2994	

	task1	task2	task3	task4	task5
core1	636	366	416	1809	671	
core2	1792	2338	1717	1723	1934	
core3	3317	553	1522	772	490	
core4	3437	1737	3114	1502	1779	
core5	1996	1690	1034	545	385	

	task1	task2	task3	task4	task5
core1	1277	514	2421	2251	412	
core2	2034	3201	2047	2538	964	
core3	1878	3209	593	1208	2803	
core4	587	1010	1595	1121	702	
core5	2547	812	2060	956	425	

	task1	task2	task3	task4	task5
core1	2351	2087	1733	2446	2495	
core2	1439	2831	427	1848	1562	
core3	1217	2405	2458	473	1407	
core4	2260	1547	1414	1813	1943	
core5	2149	3105	1695	1521	3344	

	task1	task2	task3	task4	task5
core1	1443	371	2441	2381	3074	
core2	1789	1432	3135	3114	2464	
core3	2571	1756	3459	1867	2074	
core4	2274	409	1761	3209	445	
core5	3320	3026	1444	2562	1677	

	task1	task2	task3	task4	task5
core1	2825	1373	642	2757	362	
core2	1070	1309	3297	3036	2419	
core3	3129	2960	1535	338	947	
core4	2903	1661	2372	3392	2424	
core5	596	1375	3144	2323	1560	

	task1	task2	task3	task4	task5
core1	2870	2977	860	1788	1907	
core2	1889	1811	1534	3442	484	
core3	2620	371	3100	2277	3361	
core4	1908	3434	2992	2311	3486	
core5	1637	2217	1796	1897	3003	

	task1	task2	task3	task4	task5
core1	2425	1189	2717	614	1667	
core2	1317	670	892	1006	3366	
core3	2530	3344	654	2486	2742	
core4	2642	724	2750	3288	3351	
core5	2361	2968	3316	931	510	

	task1	task2	task3	task4	task5
core1	1589	2266	571	1487	1856	
core2	375	3082	1762	1908	2720	
core3	1592	2301	1906	629	1896	
core4	1312	2668	3468	906	3281	
core5	896	2806	977	1184	471	

	task1	task2	task3	task4	task5
core1	2448	2900	2791	3174	903	
core2	2077	1665	924	2344	3353	
core3	563	894	323	452	3375	
core4	333	1017	311	2900	3079	
core5	685	689	1521	809	1417	

	task1	task2	task3	task4	task5
core1	3471	2266	1228	499	2650	
core2	1240	1443	729	2041	1689	
core3	2557	326	1525	1998	689	
core4	3181	641	565	1728	3035	
core5	2644	2325	2998	2374	509	

	task1	task2	task3	task4	task5
core1	612	2890	2030	1564	2319	
core2	2489	2747	457	2017	947	
core3	3397	1521	1852	1019	1549	
core4	1021	2718	2417	1420	369	
core5	2505	1029	2958	803	2483	

	task1	task2	task3	task4	task5
core1	1640	399	1604	3190	1135	
core2	3308	2145	2299	2378	3346	
core3	3159	2014	946	2411	3459	
core4	1482	2706	2806	2227	1561	
core5	763	646	2764	1000	1727	

	task1	task2	task3	task4	task5
core1	424	2875	1193	1637	1951	
core2	641	969	582	494	1008	
core3	2892	3371	2216	303	2745	
core4	3164	1696	2943	2228	3378	
core5	2269	368	2195	2457	1657	

	task1	task2	task3	task4	task5
core1	3014	2870	3368	2570	950	
core2	2872	2297	638	2059	1047	
core3	2913	3070	1013	623	1698	
core4	2468	1910	1689	2788	1560	
core5	918	1081	2994	2995	647	

	task1	task2	task3	task4	task5
core1	1877	1965	899	2419	861	
core2	1789	1726	3034	1859	2935	
core3	2010	3418	2475	3081	1756	
core4	3187	1085	2949	1611	2361	
core5	2272	635	903	3105	431	

	task1	task2	task3	task4	task5
core1	2266	764	3032	459	999	
core2	674	1833	1723	437	1405	
core3	1110	3439	1622	2559	1330	
core4	3102	3299	1877	1567	2489	
core5	1772	3071	3078	3392	1541	

	task1	task2	task3	task4	task5
core1	905	2676	2598	1377	513	
core2	1290	3152	3496	2164	2641	
core3	344	3360	1200	3425	1445	
core4	1972	952	3091	3228	545	
core5	3038	945	639	1392	2111	

	task1	task2	task3	task4	task5
core1	2806	1949	495	3331	2163	
core2	2270	2806	2964	2688	2803	
core3	603	960	2573	1714	1324	
core4	3003	719	864	992	3197	
core5	3392	688	1107	1699	1967	

